0 0.8307291666666666 0.3541666666666667 0.109375 0.18229166666666666
0 0.6640625 0.375 0.09375 0.13802083333333334
0 0.4192708333333333 0.4088541666666667 0.19270833333333334 0.21614583333333334
0 0.5651041666666666 0.4140625 0.026041666666666668 0.16145833333333334
0 0.671875 0.4583333333333333 0.11979166666666667 0.140625
0 0.6276041666666666 0.484375 0.109375 0.12239583333333333
0 0.9661458333333334 0.5182291666666666 0.0625 0.234375
0 0.4140625 0.5208333333333334 0.14322916666666666 0.1875
0 0.7786458333333334 0.5338541666666666 0.12760416666666666 0.20572916666666666
0 0.6614583333333334 0.6510416666666666 0.12760416666666666 0.23697916666666666
0 0.84375 0.65625 0.140625 0.140625
0 0.953125 0.7526041666666666 0.09114583333333333 0.17708333333333334