0 0.8541666666666666 0.452391975308642 0.14583333333333334 0.207445987654321
0 0.6875 0.4318287037037037 0.11979166666666667 0.1597993827160494
0 0.4401041666666667 0.4062692901234568 0.234375 0.25694444444444436
0 0.5807291666666666 0.44689429012345677 0.057291666666666664 0.1631558641975309
0 0.6770833333333334 0.5148533950617283 0.14583333333333334 0.16577932098765422
0 0.6276041666666666 0.5290123456790123 0.13020833333333334 0.144483024691358
0 0.9479166666666666 0.6400655864197531 0.10416666666666667 0.24787808641975317
0 0.4114583333333333 0.514795524691358 0.17708333333333334 0.2187885802469136
0 0.765625 0.6138310185185185 0.16666666666666666 0.23410493827160503
0 0.6276041666666666 0.7008873456790123 0.171875 0.26550925925925917
0 0.8046875 0.747800925925926 0.16666666666666666 0.17160493827160503
0 0.890625 0.8675347222222222 0.125 0.19641203703703702