0 0.8519868827160494 0.3648341049382717 0.1368827160493827 0.20493827160493824
0 0.6852623456790123 0.36566358024691353 0.11570216049382716 0.15698302469135803
0 0.4378472222222222 0.37588734567901233 0.22577160493827156 0.25640432098765437
0 0.5812692901234567 0.3945023148148148 0.05327932098765439 0.16415895061728403
0 0.680690586419753 0.4518711419753087 0.14178240740740744 0.16354166666666656
0 0.631346450617284 0.4726658950617284 0.126003086419753 0.14189814814814813
0 0.954861111111111 0.5391203703703704 0.09027777777777797 0.24444444444444446
0 0.41521990740740744 0.4864776234567901 0.17341820987654324 0.21724537037037037
0 0.7751157407407407 0.5381558641975309 0.15790895061728408 0.23206018518518512
0 0.6404128086419753 0.6415316358024691 0.16334876543209878 0.2635802469135804
0 0.8203510802469136 0.6660686728395061 0.1626543209876544 0.1698302469135804
0 0.9149305555555557 0.7731867283950619 0.12118055555555547 0.19371141975308662