0 0.8464699074074075 0.4064621913580247 0.11250000000000011 0.14710648148148145
0 0.6944444444444443 0.47027391975308647 0.09803240740740726 0.19826388888888888
0 0.5355902777777778 0.5778935185185184 0.11712962962962958 0.12137345679012353
0 0.3679398148148148 0.6407793209876543 0.07673611111111105 0.176195987654321
0 0.7498263888888889 0.6217978395061728 0.09166666666666679 0.14587191358024695
0 0.08512731481481482 0.6708333333333334 0.1357638888888889 0.257716049382716
0 0.42818287037037034 0.6599537037037037 0.08217592592592589 0.18692129629629642
0 0.1685185185185185 0.6783757716049382 0.11273148148148149 0.15752314814814827
0 0.26255787037037037 0.6969521604938271 0.11238425925925928 0.14189814814814827
0 0.7328703703703704 0.6780092592592593 0.07164351851851869 0.1810956790123456
0 0.569849537037037 0.7151620370370372 0.197800925925926 0.24058641975308662
0 0.38582175925925927 0.7432677469135802 0.08796296296296295 0.21327160493827169
0 0.30312500000000003 0.7669753086419754 0.14988425925925922 0.1909336419753087