0 0.8020833333333334 0.5833333333333334 0.028645833333333332 0.0625
0 0.8489583333333334 0.5885416666666666 0.033854166666666664 0.09375
0 0.7057291666666666 0.609375 0.0625 0.049479166666666664
0 0.5494791666666666 0.6171875 0.020833333333333332 0.078125
0 0.5911458333333334 0.6197916666666666 0.028645833333333332 0.07552083333333333
0 0.4661458333333333 0.6197916666666666 0.020833333333333332 0.06510416666666667
0 0.2838541666666667 0.6276041666666666 0.041666666666666664 0.078125
0 0.15885416666666666 0.6536458333333334 0.078125 0.07291666666666667
0 0.390625 0.6588541666666666 0.0390625 0.08072916666666667
0 0.2604166666666667 0.7005208333333334 0.046875 0.046875
0 0.3203125 0.7057291666666666 0.03125 0.0859375