0 0.804591049382716 0.4796875 0.037461419753086624 0.07013888888888875
0 0.851466049382716 0.4765625 0.04834104938271603 0.1020833333333333
0 0.7128279320987655 0.5274305555555555 0.06855709876543219 0.06180555555555559
0 0.5587191358024691 0.5689236111111111 0.03240740740740744 0.08020833333333337
0 0.6004243827160494 0.5635416666666667 0.042824074074074105 0.08090277777777777
0 0.47515432098765437 0.5901041666666667 0.032253086419752997 0.0697916666666667
0 0.2975308641975309 0.6383680555555555 0.05331790123456792 0.08680555555555565
0 0.17704475308641976 0.6932291666666667 0.08977623456790125 0.08923611111111107
0 0.40667438271604944 0.6467013888888888 0.053317901234568 0.08680555555555565
0 0.2833912037037037 0.7147569444444445 0.05285493827160496 0.05555555555555536
0 0.34332561728395067 0.7081597222222222 0.04818672839506174 0.09166666666666679