0 0.8991319444444444 0.4470486111111111 0.15138888888888888 0.16666666666666666
0 0.7300347222222223 0.4559220679012346 0.10138888888888904 0.1959876543209876
0 0.5473958333333333 0.5357831790123457 0.06874999999999994 0.09606481481481488
0 0.4227430555555555 0.5456211419753086 0.12083333333333328 0.1759259259259259
0 0.10138888888888888 0.5027006172839507 0.15208333333333332 0.2550154320987654
0 0.7232638888888889 0.6284722222222222 0.12256944444444429 0.12403549382716061
0 0.23854166666666665 0.5628858024691358 0.12465277777777779 0.15528549382716048
0 0.3875 0.6043595679012346 0.08993055555555547 0.17997685185185178
0 0.709375 0.6550925925925926 0.08472222222222214 0.17978395061728403
0 0.16961805555555556 0.5863233024691358 0.11597222222222221 0.18094135802469147
0 0.5460069444444445 0.6715856481481483 0.22777777777777786 0.29938271604938266
0 0.3385416666666667 0.6531635802469137 0.11284722222222217 0.2119984567901234
0 0.2642361111111111 0.6741898148148149 0.1479166666666667 0.1925154320987653