0 0.8567708333333334 0.4088541666666667 0.1171875 0.140625
0 0.6901041666666666 0.4453125 0.0546875 0.1875
0 0.5208333333333334 0.5520833333333334 0.049479166666666664 0.0859375
0 0.3984375 0.5807291666666666 0.08072916666666667 0.15885416666666666
0 0.0625 0.59375 0.125 0.23177083333333334
0 0.7057291666666666 0.6171875 0.09635416666666667 0.10416666666666667
0 0.21875 0.6276041666666666 0.09114583333333333 0.13541666666666666
0 0.3723958333333333 0.6432291666666666 0.046875 0.171875
0 0.6953125 0.6458333333333334 0.041666666666666664 0.171875
0 0.15364583333333334 0.6588541666666666 0.07291666666666667 0.1640625
0 0.5364583333333334 0.6875 0.15885416666666666 0.265625
0 0.328125 0.7005208333333334 0.0625 0.19791666666666666
0 0.2578125 0.7317708333333334 0.10416666666666667 0.171875