0 0.794675925925926 0.5677083333333334 0.03263888888888881 0.0625
0 0.8414930555555555 0.5703125 0.03854166666666655 0.09375
0 0.6976273148148148 0.5989583333333334 0.06365740740740744 0.052083333333333336
0 0.5410300925925926 0.6145833333333334 0.02777777777777783 0.078125
0 0.5826967592592592 0.6145833333333334 0.03298611111111116 0.078125
0 0.45752314814814815 0.6223958333333334 0.02754629629629631 0.06770833333333333
0 0.27748842592592593 0.6380208333333334 0.048611111111111084 0.078125
0 0.1517361111111111 0.671875 0.08506944444444442 0.078125
0 0.3836805555555556 0.6640625 0.04351851851851851 0.08333333333333333
0 0.25497685185185187 0.7135416666666666 0.047916666666666684 0.046875
0 0.3148148148148148 0.7161458333333334 0.03842592592592601 0.08854166666666667