0 0.8567708333333334 0.4366319444444444 0.11770833333333346 0.1448688271604938
0 0.6870370370370371 0.4637345679012346 0.10856481481481477 0.20177469135802464
0 0.4955439814814815 0.5332754629629629 0.12245370370370375 0.12422839506172838
0 0.3128472222222222 0.5582561728395062 0.08715277777777779 0.17496141975308652
0 0.6887152777777779 0.6223958333333334 0.09699074074074095 0.14930555555555566
0 0.05028935185185185 0.5214120370370371 0.1005787037037037 0.25925925925925924
0 0.36417824074074073 0.5901813271604938 0.09259259259259256 0.18557098765432092
0 0.10491898148148149 0.5477430555555555 0.12326388888888891 0.1606867283950617
0 0.18987268518518519 0.5888310185185185 0.1177083333333333 0.1448688271604938
0 0.6511574074074074 0.6732253086419754 0.08217592592592589 0.18518518518518512
0 0.47945601851851855 0.671778549382716 0.208449074074074 0.24710648148148154
0 0.2924189814814815 0.6578896604938271 0.10358796296296295 0.2119984567901234
0 0.20381944444444444 0.6637731481481481 0.16041666666666665 0.19328703703703706