0 0.8541666666666666 0.3984375 0.09375 0.12760416666666666
0 0.6927083333333334 0.453125 0.0703125 0.1875
0 0.5182291666666666 0.5494791666666666 0.1015625 0.10416666666666667
0 0.3411458333333333 0.6015625 0.0546875 0.1640625
0 0.7265625 0.6067708333333334 0.0703125 0.13541666666666666
0 0.052083333333333336 0.6119791666666666 0.10416666666666667 0.23958333333333334
0 0.3984375 0.625 0.0546875 0.17447916666666666
0 0.13541666666666666 0.625 0.09375 0.14322916666666666
0 0.2265625 0.6510416666666666 0.09375 0.12239583333333333
0 0.7005208333333334 0.6614583333333334 0.044270833333333336 0.17447916666666666
0 0.53125 0.6875 0.16666666666666666 0.2109375
0 0.34375 0.703125 0.059895833333333336 0.203125
0 0.2578125 0.7213541666666666 0.125 0.16666666666666666