0 0.8805555555555555 0.33888888888888885 0.12951388888888893 0.15381944444444443
0 0.7166666666666668 0.3916666666666666 0.07499999999999989 0.19166666666666674
0 0.5602430555555555 0.5171875 0.05798611111111107 0.09201388888888899
0 0.43993055555555555 0.5565972222222223 0.09930555555555554 0.16736111111111107
0 0.10555555555555556 0.6024305555555555 0.14583333333333334 0.24305555555555566
0 0.7515625 0.5619791666666667 0.10624999999999989 0.11597222222222214
0 0.2664930555555555 0.6230902777777777 0.10312499999999998 0.14687499999999995
0 0.4208333333333334 0.6232638888888888 0.06354166666666661 0.17534722222222232
0 0.7430555555555555 0.5913194444444444 0.05833333333333327 0.17500000000000013
0 0.2036458333333333 0.6612847222222222 0.08923611111111107 0.171875
0 0.5899305555555555 0.6486111111111111 0.18472222222222223 0.2819444444444444
0 0.3829861111111111 0.6833333333333332 0.08090277777777777 0.20243055555555559
0 0.31493055555555555 0.7218750000000002 0.12118055555555547 0.18437499999999987